Helium Fuel Block x4000 buy @17,990 71,960,000
  v:1,295,861  768,477  587,271  448,520  539,149  827,622  969,861  601,331 1,017,374  685,961  837,312  797,471  646,474  934,003  405,244
==========================================================================================================================================
  h:  18,780   18,790   18,620   18,540   18,360   18,580   18,400   18,680   18,570   18,290   18,250   18,190   18,000   18,000   18,100
  a:  18,750   18,700   18,610   18,420   18,290   18,170   18,360   18,320   18,370   18,280   18,170   18,000   18,000   17,980   18,090
  l:  18,400   18,500   18,500   18,400   18,190   18,150   18,280   18,310   18,080   18,240   17,990   18,000   18,000   17,890   17,900

Hydrogen Fuel Block x2000.0 buy @17,870 35,740,000
  v: 659,844  433,225  472,999  756,298  664,667  615,305  517,645  699,154  558,215  479,038  954,850  628,066  436,476  917,770  344,174
==========================================================================================================================================
  h:  18,770   18,780   18,590   18,450   18,260   18,350   18,190   18,500   18,490   18,000   18,160   18,390   18,000   18,020   17,990
  a:  18,500   18,730   18,470   18,430   18,090   18,270   18,140   18,400   18,390   17,200   17,900   18,190   18,000   17,900   17,980
  l:  18,000   18,600   17,270   18,350   17,120   18,240   18,100   18,250   18,380   17,180   17,150   18,090   18,000   16,700   17,980

Evaporite Deposits x40000.0 buy @1,187 47,480,000
  v:2,596,646 2,799,691 3,276,887 3,559,026 1,845,591 3,158,846 3,204,893 2,915,226 3,258,090 3,625,788 2,510,637 5,702,947 2,512,930 3,130,933 2,001,735
==========================================================================================================================================
  h:   1,110    1,249    1,107    1,065    1,075    1,050    1,000    1,069    1,097    1,234    1,070    1,045    1,020    1,040    1,157
  a:   1,109    1,109      999      928    1,070      977      918      950    1,049    1,209    1,064    1,038      980    1,039    1,155
  l:   1,105    1,108      958      912    1,000      976      917      941      952    1,014    1,043    1,022      952    1,029      990

Silicates x40000.0 buy @1,646 65,840,000
  v:3,375,283 2,137,545 2,909,909 3,034,456 1,574,334 2,680,555 4,028,328 3,017,865 2,871,149 3,071,523 1,831,446 4,726,465 3,241,463 1,676,673 2,127,776
==========================================================================================================================================
  h:   1,632    1,590    1,575    1,537    1,568    1,588    1,600    1,470    1,684    1,682    1,504    1,497    1,524    1,515    1,515
  a:   1,630    1,556    1,555    1,260    1,532    1,441    1,510    1,463    1,682    1,549    1,463    1,488    1,516    1,513    1,506
  l:   1,612    1,554    1,400    1,247    1,525    1,432    1,441    1,461    1,680    1,502    1,459    1,450    1,402    1,400    1,490

Nitrogen Fuel Block x2000.0 buy @18,190 36,380,000
  v: 506,412  550,918  546,084  518,081  199,324  415,990  231,642  587,935  517,785  782,034  421,961  450,736  204,076  474,426  359,485
==========================================================================================================================================
  h:  18,870   18,810   18,800   18,780   18,780   18,780   18,670   18,700   18,490   18,450   18,640   18,650   18,430   18,400   18,240
  a:  18,860   18,810   18,730   18,770   18,760   18,770   18,660   18,580   18,470   18,390   18,620   18,640   18,420   18,300   18,220
  l:  18,840   18,810   17,980   18,750   17,580   18,740   18,580   17,520   18,300   16,770   18,430   18,620   18,400   17,940   17,800

Chromium x40000.0 buy @8,048 321,920,000
  v:1,406,300 2,066,157 1,479,583  930,046 1,325,152 2,313,715 3,302,649 1,540,661 1,116,068 1,999,200 1,069,809 1,351,442 1,427,276 2,296,061  999,880
==========================================================================================================================================
  h:   8,898    8,890    8,501    8,808    8,808    8,650    8,783    8,779    8,480    8,512    8,188    7,856    7,952    8,054    7,790
  a:   8,712    8,632    8,500    8,537    8,797    8,609    8,735    8,043    7,830    8,200    7,900    7,855    7,847    7,803    7,350
  l:   8,623    8,627    8,500    7,742    7,781    8,608    8,505    8,000    7,819    7,838    7,855    7,853    7,803    7,340    7,347

Platinum x40000.0 buy @8,275 331,000,000
  v:1,155,171 2,232,872 1,375,102 2,175,038 1,969,881 2,593,897 1,655,448 1,283,142 1,567,552 1,699,012  700,222 1,999,649  832,518 2,052,177  757,737
==========================================================================================================================================
  h:   9,099    8,991    9,110    8,610    9,095    9,000    9,029    9,014    8,308    8,696    8,607    8,000    8,499    8,012    8,455
  a:   8,950    8,990    8,990    8,607    8,755    8,750    8,382    8,325    8,302    8,680    8,560    8,000    8,488    7,960    8,448
  l:   8,943    8,989    8,711    8,606    8,750    7,905    8,280    8,298    8,300    8,354    8,073    8,000    7,626    7,947    8,296

Total: 910,320,000 ISK, 48,000 m3
Multibuy:
4000x Helium Fuel Block
2000x Hydrogen Fuel Block
40000x Evaporite Deposits
40000x Silicates
2000x Nitrogen Fuel Block
40000x Chromium
40000x Platinum

