Oxygen Fuel Block x2500
  v: 419,413  381,572  343,701  327,943  551,512  333,441  398,515  535,467  354,037  692,325  220,149  362,351  461,451  423,721 1,094,114
==========================================================================================================================================
  h:  18,940   18,900   18,930   18,880   18,840   18,700   18,700   18,440   18,410   18,430   18,880   18,370   18,610   18,250   18,080
  a:  18,900   18,890   18,920   18,850   18,790   18,680   18,490   18,430   18,390   18,420   18,850   18,240   18,610   18,210   18,070
  l:  18,000   18,870   18,900   18,750   18,090   18,670   17,150   18,400   17,410   18,400   18,290   17,310   18,600   17,370   17,220

Silicon Diborite x50000
  v: 161,018   55,999   10,261   81,810  260,687  117,679   24,526  157,316   52,371    9,500   37,057  273,317  140,148   21,325   18,707
==========================================================================================================================================
  h:   1,551    2,377    1,600    2,378    1,541    1,541    1,651    2,400    1,703    2,367    2,373    1,542    2,363    2,358    2,356
  a:   1,551    2,377    1,600    2,378    1,541    1,541    1,651    2,400    1,703    2,367    2,373    1,541    2,363    1,545    2,356
  l:   1,551    2,377    1,600    2,378    1,541    1,541    1,651    2,400    1,703    2,367    2,373    1,540    2,363    1,543    2,356

Caesarium Cadmide x50000
  v:   1,388   40,880    9,607      301   45,692   32,642   18,711   42,275   33,795   10,855    8,461   33,829    2,833   28,674   35,813
==========================================================================================================================================
  h:  13,570   13,540   11,750   13,510   13,540   13,370   13,550   13,540   12,530   13,490   12,700   11,030   13,480   15,700   12,180
  a:  13,570   13,540   11,750   13,510   13,540   13,370   13,550   13,540   12,530   13,490   12,700   11,030   13,480   12,640   11,020
  l:  13,570   13,540   11,750   13,510   13,540   13,370   13,550   13,540   12,530   13,490   12,680   11,030   13,480   12,530   11,010

Vanadium Hafnite x50000
  v:   7,026   25,902  117,109   69,928   14,339   30,151  194,548    3,500    8,631   37,610    5,585  100,820    5,429   45,840   15,810
==========================================================================================================================================
  h:   9,444    9,964   10,200   11,680   11,370   11,100    9,013    9,151   10,800   10,000   10,000    8,551    9,458    7,907    8,990
  a:   9,443    9,800   10,200   11,680   11,370   11,100    9,012    9,151   10,800    9,260   10,000    7,995    9,449    7,907    8,990
  l:   7,016    9,464   10,200   11,680   11,370   11,100    9,012    9,151   10,800    9,250   10,000    7,991    9,449    7,907    8,990

